<!DOCTYPE MeshLabDocument>
<MeshLabProject>
<MeshGroup/>
<RasterGroup>
<MLRaster label="0000000000.png">
<VCGCamera TranslationVector="-0.308587 0.867178 -0.548228 1" RotationMatrix="-0.006780 -0.999858 0.015425 0.000000 -0.016839 0.015538 0.999737 0.000000 -0.999835 0.006518 -0.016942 0.000000 0.000000 0.000000 0.000000 1.000000 " CenterPx="602 183" ViewportPx="1242 375" FocalMm="4" LensDistortion="0 0" PixelSizeMm="0.005657 0.005657"/>
 <Plane semantic="1" fileName="0000000000.png"/>
</MLRaster>
<MLRaster label="0000000001.png">
<VCGCamera TranslationVector="-1.250265 0.871391 -0.543658 1" RotationMatrix="-0.003424 -0.999851 0.016919 0.000000 -0.018002 0.016978 0.999694 0.000000 -0.999832 0.003118 -0.018058 0.000000 0.000000 0.000000 0.000000 1.000000 " CenterPx="602 183" ViewportPx="1242 375" FocalMm="4" LensDistortion="0 0" PixelSizeMm="0.005657 0.005657"/>
 <Plane semantic="1" fileName="0000000001.png"/>
</MLRaster>
<MLRaster label="0000000002.png">
<VCGCamera TranslationVector="-2.109703 0.875543 -0.541265 1" RotationMatrix="-0.003218 -0.999831 0.018093 0.000000 -0.020689 0.018156 0.999621 0.000000 -0.999781 0.002842 -0.020744 0.000000 0.000000 0.000000 0.000000 1.000000 " CenterPx="602 183" ViewportPx="1242 375" FocalMm="4" LensDistortion="0 0" PixelSizeMm="0.005657 0.005657"/>
 <Plane semantic="1" fileName="0000000002.png"/>
</MLRaster>
<MLRaster label="0000000003.png">
<VCGCamera TranslationVector="-2.974382 0.882308 -0.543468 1" RotationMatrix="-0.008043 -0.999787 0.018991 0.000000 -0.020820 0.019155 0.999600 0.000000 -0.999751 0.007645 -0.020970 0.000000 0.000000 0.000000 0.000000 1.000000 " CenterPx="602 183" ViewportPx="1242 375" FocalMm="4" LensDistortion="0 0" PixelSizeMm="0.005657 0.005657"/>
 <Plane semantic="1" fileName="0000000003.png"/>
</MLRaster>
<MLRaster label="0000000004.png">
<VCGCamera TranslationVector="-3.928017 0.890214 -0.544850 1" RotationMatrix="-0.012200 -0.999752 0.018651 0.000000 -0.021724 0.018913 0.999585 0.000000 -0.999690 0.011789 -0.021949 0.000000 0.000000 0.000000 0.000000 1.000000 " CenterPx="602 183" ViewportPx="1242 375" FocalMm="4" LensDistortion="0 0" PixelSizeMm="0.005657 0.005657"/>
 <Plane semantic="1" fileName="0000000004.png"/>
</MLRaster>
<MLRaster label="0000000005.png">
<VCGCamera TranslationVector="-4.791929 0.898525 -0.537186 1" RotationMatrix="-0.010331 -0.999797 0.017320 0.000000 -0.021666 0.017541 0.999611 0.000000 -0.999712 0.009952 -0.021843 0.000000 0.000000 0.000000 0.000000 1.000000 " CenterPx="602 183" ViewportPx="1242 375" FocalMm="4" LensDistortion="0 0" PixelSizeMm="0.005657 0.005657"/>
 <Plane semantic="1" fileName="0000000005.png"/>
</MLRaster>
<MLRaster label="0000000006.png">
<VCGCamera TranslationVector="-5.660025 0.908798 -0.526970 1" RotationMatrix="-0.008808 -0.999836 0.015822 0.000000 -0.019109 0.015988 0.999690 0.000000 -0.999779 0.008503 -0.019246 0.000000 0.000000 0.000000 0.000000 1.000000 " CenterPx="602 183" ViewportPx="1242 375" FocalMm="4" LensDistortion="0 0" PixelSizeMm="0.005657 0.005657"/>
 <Plane semantic="1" fileName="0000000006.png"/>
</MLRaster>
<MLRaster label="0000000007.png">
<VCGCamera TranslationVector="-6.615075 0.920953 -0.520083 1" RotationMatrix="-0.005736 -0.999890 0.013690 0.000000 -0.014633 0.013773 0.999798 0.000000 -0.999877 0.005534 -0.014711 0.000000 0.000000 0.000000 0.000000 1.000000 " CenterPx="602 183" ViewportPx="1242 375" FocalMm="4" LensDistortion="0 0" PixelSizeMm="0.005657 0.005657"/>
 <Plane semantic="1" fileName="0000000007.png"/>
</MLRaster>
<MLRaster label="0000000008.png">
<VCGCamera TranslationVector="-7.489612 0.932303 -0.513465 1" RotationMatrix="-0.005004 -0.999920 0.011631 0.000000 -0.009943 0.011680 0.999882 0.000000 -0.999938 0.004888 -0.010001 0.000000 0.000000 0.000000 0.000000 1.000000 " CenterPx="602 183" ViewportPx="1242 375" FocalMm="4" LensDistortion="0 0" PixelSizeMm="0.005657 0.005657"/>
 <Plane semantic="1" fileName="0000000008.png"/>
</MLRaster>
<MLRaster label="0000000009.png">
<VCGCamera TranslationVector="-8.367190 0.943121 -0.505301 1" RotationMatrix="-0.005456 -0.999941 0.009385 0.000000 -0.005497 0.009415 0.999941 0.000000 -0.999970 0.005405 -0.005548 0.000000 0.000000 0.000000 0.000000 1.000000 " CenterPx="602 183" ViewportPx="1242 375" FocalMm="4" LensDistortion="0 0" PixelSizeMm="0.005657 0.005657"/>
 <Plane semantic="1" fileName="0000000009.png"/>
</MLRaster>
<MLRaster label="0000000010.png">
<VCGCamera TranslationVector="-9.342181 0.945073 -0.504226 1" RotationMatrix="-0.008796 -0.999938 0.006881 0.000000 -0.006422 0.006938 0.999955 0.000000 -0.999941 0.008752 -0.006483 0.000000 0.000000 0.000000 0.000000 1.000000 " CenterPx="602 183" ViewportPx="1242 375" FocalMm="4" LensDistortion="0 0" PixelSizeMm="0.005657 0.005657"/>
 <Plane semantic="1" fileName="0000000010.png"/>
</MLRaster>
<MLRaster label="0000000011.png">
<VCGCamera TranslationVector="-10.227919 0.950332 -0.498048 1" RotationMatrix="-0.009032 -0.999944 0.005466 0.000000 -0.001276 0.005478 0.999984 0.000000 -0.999958 0.009025 -0.001326 0.000000 0.000000 0.000000 0.000000 1.000000 " CenterPx="602 183" ViewportPx="1242 375" FocalMm="4" LensDistortion="0 0" PixelSizeMm="0.005657 0.005657"/>
 <Plane semantic="1" fileName="0000000011.png"/>
</MLRaster>
<MLRaster label="0000000012.png">
<VCGCamera TranslationVector="-11.114281 0.961102 -0.487389 1" RotationMatrix="-0.006810 -0.999965 0.004791 0.000000 0.005950 0.004751 0.999971 0.000000 -0.999959 0.006838 0.005917 0.000000 0.000000 0.000000 0.000000 1.000000 " CenterPx="602 183" ViewportPx="1242 375" FocalMm="4" LensDistortion="0 0" PixelSizeMm="0.005657 0.005657"/>
 <Plane semantic="1" fileName="0000000012.png"/>
</MLRaster>
<MLRaster label="0000000013.png">
<VCGCamera TranslationVector="-12.098062 0.965307 -0.480223 1" RotationMatrix="-0.008679 -0.999949 0.005219 0.000000 0.008000 0.005150 0.999955 0.000000 -0.999930 0.008721 0.007955 0.000000 0.000000 0.000000 0.000000 1.000000 " CenterPx="602 183" ViewportPx="1242 375" FocalMm="4" LensDistortion="0 0" PixelSizeMm="0.005657 0.005657"/>
 <Plane semantic="1" fileName="0000000013.png"/>
</MLRaster>
<MLRaster label="0000000014.png">
<VCGCamera TranslationVector="-12.995693 0.970720 -0.475748 1" RotationMatrix="-0.008735 -0.999947 0.005507 0.000000 0.011857 0.005403 0.999915 0.000000 -0.999892 0.008799 0.011809 0.000000 0.000000 0.000000 0.000000 1.000000 " CenterPx="602 183" ViewportPx="1242 375" FocalMm="4" LensDistortion="0 0" PixelSizeMm="0.005657 0.005657"/>
 <Plane semantic="1" fileName="0000000014.png"/>
</MLRaster>
<MLRaster label="0000000015.png">
<VCGCamera TranslationVector="-13.898878 0.976210 -0.468127 1" RotationMatrix="-0.006231 -0.999968 0.005009 0.000000 0.012754 0.004929 0.999907 0.000000 -0.999899 0.006294 0.012723 0.000000 0.000000 0.000000 0.000000 1.000000 " CenterPx="602 183" ViewportPx="1242 375" FocalMm="4" LensDistortion="0 0" PixelSizeMm="0.005657 0.005657"/>
 <Plane semantic="1" fileName="0000000015.png"/>
</MLRaster>
<MLRaster label="0000000016.png">
<VCGCamera TranslationVector="-14.893016 0.981590 -0.457382 1" RotationMatrix="-0.002335 -0.999979 0.006120 0.000000 0.015608 0.006082 0.999860 0.000000 -0.999876 0.002430 0.015594 0.000000 0.000000 0.000000 0.000000 1.000000 " CenterPx="602 183" ViewportPx="1242 375" FocalMm="4" LensDistortion="0 0" PixelSizeMm="0.005657 0.005657"/>
 <Plane semantic="1" fileName="0000000016.png"/>
</MLRaster>
<MLRaster label="0000000017.png">
<VCGCamera TranslationVector="-15.808219 0.986162 -0.453914 1" RotationMatrix="-0.003855 -0.999969 0.006860 0.000000 0.016231 0.006797 0.999845 0.000000 -0.999861 0.003966 0.016205 0.000000 0.000000 0.000000 0.000000 1.000000 " CenterPx="602 183" ViewportPx="1242 375" FocalMm="4" LensDistortion="0 0" PixelSizeMm="0.005657 0.005657"/>
 <Plane semantic="1" fileName="0000000017.png"/>
</MLRaster>
<MLRaster label="0000000018.png">
<VCGCamera TranslationVector="-16.727625 0.983406 -0.457037 1" RotationMatrix="-0.006715 -0.999946 0.007877 0.000000 0.012485 0.007793 0.999892 0.000000 -0.999900 0.006813 0.012432 0.000000 0.000000 0.000000 0.000000 1.000000 " CenterPx="602 183" ViewportPx="1242 375" FocalMm="4" LensDistortion="0 0" PixelSizeMm="0.005657 0.005657"/>
 <Plane semantic="1" fileName="0000000018.png"/>
</MLRaster>
<MLRaster label="0000000019.png">
<VCGCamera TranslationVector="-17.741077 0.977095 -0.460388 1" RotationMatrix="-0.006135 -0.999940 0.009056 0.000000 0.007956 0.009007 0.999928 0.000000 -0.999950 0.006206 0.007901 0.000000 0.000000 0.000000 0.000000 1.000000 " CenterPx="602 183" ViewportPx="1242 375" FocalMm="4" LensDistortion="0 0" PixelSizeMm="0.005657 0.005657"/>
 <Plane semantic="1" fileName="0000000019.png"/>
</MLRaster>
<MLRaster label="0000000020.png">
<VCGCamera TranslationVector="-18.658553 0.977085 -0.456683 1" RotationMatrix="0.001109 -0.999955 0.009435 0.000000 0.007373 0.009443 0.999928 0.000000 -0.999972 -0.001039 0.007383 0.000000 0.000000 0.000000 0.000000 1.000000 " CenterPx="602 183" ViewportPx="1242 375" FocalMm="4" LensDistortion="0 0" PixelSizeMm="0.005657 0.005657"/>
 <Plane semantic="1" fileName="0000000020.png"/>
</MLRaster>
<MLRaster label="0000000021.png">
<VCGCamera TranslationVector="-19.676460 0.980694 -0.450623 1" RotationMatrix="0.007647 -0.999921 0.009989 0.000000 0.008022 0.010050 0.999917 0.000000 -0.999939 -0.007567 0.008098 0.000000 0.000000 0.000000 0.000000 1.000000 " CenterPx="602 183" ViewportPx="1242 375" FocalMm="4" LensDistortion="0 0" PixelSizeMm="0.005657 0.005657"/>
 <Plane semantic="1" fileName="0000000021.png"/>
</MLRaster>
<MLRaster label="0000000022.png">
<VCGCamera TranslationVector="-20.608664 0.981803 -0.457511 1" RotationMatrix="0.006548 -0.999922 0.010674 0.000000 0.005297 0.010709 0.999929 0.000000 -0.999965 -0.006491 0.005367 0.000000 0.000000 0.000000 0.000000 1.000000 " CenterPx="602 183" ViewportPx="1242 375" FocalMm="4" LensDistortion="0 0" PixelSizeMm="0.005657 0.005657"/>
 <Plane semantic="1" fileName="0000000022.png"/>
</MLRaster>
<MLRaster label="0000000023.png">
<VCGCamera TranslationVector="-21.551611 0.979140 -0.471350 1" RotationMatrix="-0.003207 -0.999934 0.011033 0.000000 -0.000437 0.011034 0.999939 0.000000 -0.999995 0.003202 -0.000473 0.000000 0.000000 0.000000 0.000000 1.000000 " CenterPx="602 183" ViewportPx="1242 375" FocalMm="4" LensDistortion="0 0" PixelSizeMm="0.005657 0.005657"/>
 <Plane semantic="1" fileName="0000000023.png"/>
</MLRaster>
<MLRaster label="0000000024.png">
<VCGCamera TranslationVector="-22.595595 0.977927 -0.479764 1" RotationMatrix="-0.014620 -0.999829 0.011288 0.000000 -0.004578 0.011356 0.999925 0.000000 -0.999883 0.014568 -0.004744 0.000000 0.000000 0.000000 0.000000 1.000000 " CenterPx="602 183" ViewportPx="1242 375" FocalMm="4" LensDistortion="0 0" PixelSizeMm="0.005657 0.005657"/>
 <Plane semantic="1" fileName="0000000024.png"/>
</MLRaster>
<MLRaster label="0000000025.png">
<VCGCamera TranslationVector="-23.538523 0.981291 -0.475112 1" RotationMatrix="-0.018738 -0.999759 0.011432 0.000000 -0.005647 0.011540 0.999917 0.000000 -0.999809 0.018672 -0.005862 0.000000 0.000000 0.000000 0.000000 1.000000 " CenterPx="602 183" ViewportPx="1242 375" FocalMm="4" LensDistortion="0 0" PixelSizeMm="0.005657 0.005657"/>
 <Plane semantic="1" fileName="0000000025.png"/>
</MLRaster>
<MLRaster label="0000000026.png">
<VCGCamera TranslationVector="-24.477752 0.986688 -0.459484 1" RotationMatrix="-0.012365 -0.999852 0.011950 0.000000 -0.004866 0.012011 0.999916 0.000000 -0.999912 0.012306 -0.005014 0.000000 0.000000 0.000000 0.000000 1.000000 " CenterPx="602 183" ViewportPx="1242 375" FocalMm="4" LensDistortion="0 0" PixelSizeMm="0.005657 0.005657"/>
 <Plane semantic="1" fileName="0000000026.png"/>
</MLRaster>
<MLRaster label="0000000027.png">
<VCGCamera TranslationVector="-25.504296 0.997553 -0.443808 1" RotationMatrix="-0.001685 -0.999927 0.011989 0.000000 -0.002538 0.011993 0.999925 0.000000 -0.999995 0.001654 -0.002558 0.000000 0.000000 0.000000 0.000000 1.000000 " CenterPx="602 183" ViewportPx="1242 375" FocalMm="4" LensDistortion="0 0" PixelSizeMm="0.005657 0.005657"/>
 <Plane semantic="1" fileName="0000000027.png"/>
</MLRaster>
<MLRaster label="0000000028.png">
<VCGCamera TranslationVector="-26.443934 1.009833 -0.435734 1" RotationMatrix="0.004755 -0.999919 0.011838 0.000000 0.001415 0.011845 0.999929 0.000000 -0.999988 -0.004737 0.001471 0.000000 0.000000 0.000000 0.000000 1.000000 " CenterPx="602 183" ViewportPx="1242 375" FocalMm="4" LensDistortion="0 0" PixelSizeMm="0.005657 0.005657"/>
 <Plane semantic="1" fileName="0000000028.png"/>
</MLRaster>
<MLRaster label="0000000029.png">
<VCGCamera TranslationVector="-27.385218 1.022520 -0.439905 1" RotationMatrix="0.002761 -0.999930 0.011495 0.000000 0.004876 0.011508 0.999922 0.000000 -0.999984 -0.002705 0.004907 0.000000 0.000000 0.000000 0.000000 1.000000 " CenterPx="602 183" ViewportPx="1242 375" FocalMm="4" LensDistortion="0 0" PixelSizeMm="0.005657 0.005657"/>
 <Plane semantic="1" fileName="0000000029.png"/>
</MLRaster>
<MLRaster label="0000000030.png">
<VCGCamera TranslationVector="-28.426263 1.037636 -0.446312 1" RotationMatrix="-0.005704 -0.999917 0.011565 0.000000 0.008680 0.011515 0.999896 0.000000 -0.999946 0.005803 0.008614 0.000000 0.000000 0.000000 0.000000 1.000000 " CenterPx="602 183" ViewportPx="1242 375" FocalMm="4" LensDistortion="0 0" PixelSizeMm="0.005657 0.005657"/>
 <Plane semantic="1" fileName="0000000030.png"/>
</MLRaster>
<MLRaster label="0000000031.png">
<VCGCamera TranslationVector="-29.366816 1.047821 -0.451644 1" RotationMatrix="-0.011561 -0.999867 0.011510 0.000000 0.007612 0.011423 0.999906 0.000000 -0.999904 0.011647 0.007479 0.000000 0.000000 0.000000 0.000000 1.000000 " CenterPx="602 183" ViewportPx="1242 375" FocalMm="4" LensDistortion="0 0" PixelSizeMm="0.005657 0.005657"/>
 <Plane semantic="1" fileName="0000000031.png"/>
</MLRaster>
<MLRaster label="0000000032.png">
<VCGCamera TranslationVector="-30.301206 1.058809 -0.446671 1" RotationMatrix="-0.012093 -0.999856 0.011910 0.000000 0.009836 0.011791 0.999882 0.000000 -0.999879 0.012209 0.009692 0.000000 0.000000 0.000000 0.000000 1.000000 " CenterPx="602 183" ViewportPx="1242 375" FocalMm="4" LensDistortion="0 0" PixelSizeMm="0.005657 0.005657"/>
 <Plane semantic="1" fileName="0000000032.png"/>
</MLRaster>
<MLRaster label="0000000033.png">
<VCGCamera TranslationVector="-31.325179 1.070741 -0.438567 1" RotationMatrix="-0.006378 -0.999914 0.011484 0.000000 0.008722 0.011428 0.999897 0.000000 -0.999942 0.006478 0.008649 0.000000 0.000000 0.000000 0.000000 1.000000 " CenterPx="602 183" ViewportPx="1242 375" FocalMm="4" LensDistortion="0 0" PixelSizeMm="0.005657 0.005657"/>
 <Plane semantic="1" fileName="0000000033.png"/>
</MLRaster>
<MLRaster label="0000000034.png">
<VCGCamera TranslationVector="-32.247824 1.078556 -0.434790 1" RotationMatrix="-0.002750 -0.999922 0.012203 0.000000 0.007554 0.012182 0.999897 0.000000 -0.999968 0.002841 0.007520 0.000000 0.000000 0.000000 0.000000 1.000000 " CenterPx="602 183" ViewportPx="1242 375" FocalMm="4" LensDistortion="0 0" PixelSizeMm="0.005657 0.005657"/>
 <Plane semantic="1" fileName="0000000034.png"/>
</MLRaster>
<MLRaster label="0000000035.png">
<VCGCamera TranslationVector="-33.179193 1.086467 -0.434063 1" RotationMatrix="-0.003492 -0.999924 0.011816 0.000000 0.004831 0.011799 0.999919 0.000000 -0.999982 0.003549 0.004789 0.000000 0.000000 0.000000 0.000000 1.000000 " CenterPx="602 183" ViewportPx="1242 375" FocalMm="4" LensDistortion="0 0" PixelSizeMm="0.005657 0.005657"/>
 <Plane semantic="1" fileName="0000000035.png"/>
</MLRaster>
<MLRaster label="0000000036.png">
<VCGCamera TranslationVector="-34.200367 1.097708 -0.437796 1" RotationMatrix="-0.011540 -0.999856 0.012480 0.000000 0.005395 0.012418 0.999908 0.000000 -0.999919 0.011607 0.005251 0.000000 0.000000 0.000000 0.000000 1.000000 " CenterPx="602 183" ViewportPx="1242 375" FocalMm="4" LensDistortion="0 0" PixelSizeMm="0.005657 0.005657"/>
 <Plane semantic="1" fileName="0000000036.png"/>
</MLRaster>
<MLRaster label="0000000037.png">
<VCGCamera TranslationVector="-35.127000 1.108593 -0.436609 1" RotationMatrix="-0.013725 -0.999832 0.012130 0.000000 0.004262 0.012072 0.999918 0.000000 -0.999897 0.013775 0.004095 0.000000 0.000000 0.000000 0.000000 1.000000 " CenterPx="602 183" ViewportPx="1242 375" FocalMm="4" LensDistortion="0 0" PixelSizeMm="0.005657 0.005657"/>
 <Plane semantic="1" fileName="0000000037.png"/>
</MLRaster>
<MLRaster label="0000000038.png">
<VCGCamera TranslationVector="-36.040246 1.116873 -0.430424 1" RotationMatrix="-0.010498 -0.999869 0.012292 0.000000 0.002034 0.012271 0.999923 0.000000 -0.999943 0.010522 0.001905 0.000000 0.000000 0.000000 0.000000 1.000000 " CenterPx="602 183" ViewportPx="1242 375" FocalMm="4" LensDistortion="0 0" PixelSizeMm="0.005657 0.005657"/>
 <Plane semantic="1" fileName="0000000038.png"/>
</MLRaster>
<MLRaster label="0000000039.png">
<VCGCamera TranslationVector="-37.040472 1.128376 -0.419503 1" RotationMatrix="-0.002773 -0.999924 0.011981 0.000000 0.000181 0.011981 0.999928 0.000000 -0.999996 0.002775 0.000147 0.000000 0.000000 0.000000 0.000000 1.000000 " CenterPx="602 183" ViewportPx="1242 375" FocalMm="4" LensDistortion="0 0" PixelSizeMm="0.005657 0.005657"/>
 <Plane semantic="1" fileName="0000000039.png"/>
</MLRaster>
<MLRaster label="0000000040.png">
<VCGCamera TranslationVector="-37.948668 1.138560 -0.417575 1" RotationMatrix="0.000704 -0.999927 0.012093 0.000000 -0.000435 0.012093 0.999927 0.000000 -1.000000 -0.000709 -0.000426 0.000000 0.000000 0.000000 0.000000 1.000000 " CenterPx="602 183" ViewportPx="1242 375" FocalMm="4" LensDistortion="0 0" PixelSizeMm="0.005657 0.005657"/>
 <Plane semantic="1" fileName="0000000040.png"/>
</MLRaster>
<MLRaster label="0000000041.png">
<VCGCamera TranslationVector="-38.951458 1.145623 -0.422464 1" RotationMatrix="-0.002367 -0.999925 0.012020 0.000000 -0.002321 0.012026 0.999925 0.000000 -0.999995 0.002339 -0.002349 0.000000 0.000000 0.000000 0.000000 1.000000 " CenterPx="602 183" ViewportPx="1242 375" FocalMm="4" LensDistortion="0 0" PixelSizeMm="0.005657 0.005657"/>
 <Plane semantic="1" fileName="0000000041.png"/>
</MLRaster>
<MLRaster label="0000000042.png">
<VCGCamera TranslationVector="-39.854865 1.143443 -0.429688 1" RotationMatrix="-0.007252 -0.999902 0.012010 0.000000 -0.005378 0.012049 0.999913 0.000000 -0.999959 0.007187 -0.005464 0.000000 0.000000 0.000000 0.000000 1.000000 " CenterPx="602 183" ViewportPx="1242 375" FocalMm="4" LensDistortion="0 0" PixelSizeMm="0.005657 0.005657"/>
 <Plane semantic="1" fileName="0000000042.png"/>
</MLRaster>
<MLRaster label="0000000043.png">
<VCGCamera TranslationVector="-40.755895 1.145133 -0.429433 1" RotationMatrix="-0.010406 -0.999875 0.011888 0.000000 -0.005303 0.011944 0.999915 0.000000 -0.999932 0.010342 -0.005427 0.000000 0.000000 0.000000 0.000000 1.000000 " CenterPx="602 183" ViewportPx="1242 375" FocalMm="4" LensDistortion="0 0" PixelSizeMm="0.005657 0.005657"/>
 <Plane semantic="1" fileName="0000000043.png"/>
</MLRaster>
<MLRaster label="0000000044.png">
<VCGCamera TranslationVector="-41.747486 1.150423 -0.424561 1" RotationMatrix="-0.011308 -0.999872 0.011281 0.000000 -0.003993 0.011327 0.999928 0.000000 -0.999928 0.011262 -0.004121 0.000000 0.000000 0.000000 0.000000 1.000000 " CenterPx="602 183" ViewportPx="1242 375" FocalMm="4" LensDistortion="0 0" PixelSizeMm="0.005657 0.005657"/>
 <Plane semantic="1" fileName="0000000044.png"/>
</MLRaster>
<MLRaster label="0000000045.png">
<VCGCamera TranslationVector="-42.732807 1.154908 -0.418096 1" RotationMatrix="-0.008744 -0.999908 0.010344 0.000000 -0.004295 0.010382 0.999937 0.000000 -0.999953 0.008699 -0.004386 0.000000 0.000000 0.000000 0.000000 1.000000 " CenterPx="602 183" ViewportPx="1242 375" FocalMm="4" LensDistortion="0 0" PixelSizeMm="0.005657 0.005657"/>
 <Plane semantic="1" fileName="0000000045.png"/>
</MLRaster>
<MLRaster label="0000000046.png">
<VCGCamera TranslationVector="-43.534875 1.161504 -0.411094 1" RotationMatrix="-0.007597 -0.999920 0.010118 0.000000 -0.001492 0.010130 0.999948 0.000000 -0.999970 0.007582 -0.001569 0.000000 0.000000 0.000000 0.000000 1.000000 " CenterPx="602 183" ViewportPx="1242 375" FocalMm="4" LensDistortion="0 0" PixelSizeMm="0.005657 0.005657"/>
 <Plane semantic="1" fileName="0000000046.png"/>
</MLRaster>
<MLRaster label="0000000047.png">
<VCGCamera TranslationVector="-44.510804 1.169596 -0.405506 1" RotationMatrix="-0.006487 -0.999937 0.009117 0.000000 -0.001210 0.009125 0.999958 0.000000 -0.999978 0.006476 -0.001269 0.000000 0.000000 0.000000 0.000000 1.000000 " CenterPx="602 183" ViewportPx="1242 375" FocalMm="4" LensDistortion="0 0" PixelSizeMm="0.005657 0.005657"/>
 <Plane semantic="1" fileName="0000000047.png"/>
</MLRaster>
<MLRaster label="0000000048.png">
<VCGCamera TranslationVector="-45.399412 1.167246 -0.407008 1" RotationMatrix="-0.006929 -0.999928 0.009795 0.000000 -0.004115 0.009823 0.999943 0.000000 -0.999968 0.006888 -0.004183 0.000000 0.000000 0.000000 0.000000 1.000000 " CenterPx="602 183" ViewportPx="1242 375" FocalMm="4" LensDistortion="0 0" PixelSizeMm="0.005657 0.005657"/>
 <Plane semantic="1" fileName="0000000048.png"/>
</MLRaster>
<MLRaster label="0000000049.png">
<VCGCamera TranslationVector="-46.283597 1.163039 -0.401775 1" RotationMatrix="-0.008347 -0.999903 0.011112 0.000000 -0.003209 0.011139 0.999933 0.000000 -0.999960 0.008311 -0.003302 0.000000 0.000000 0.000000 0.000000 1.000000 " CenterPx="602 183" ViewportPx="1242 375" FocalMm="4" LensDistortion="0 0" PixelSizeMm="0.005657 0.005657"/>
 <Plane semantic="1" fileName="0000000049.png"/>
</MLRaster>
<MLRaster label="0000000050.png">
<VCGCamera TranslationVector="-47.258327 1.165232 -0.396806 1" RotationMatrix="-0.013940 -0.999828 0.012197 0.000000 0.000162 0.012196 0.999926 0.000000 -0.999903 0.013941 -0.000008 0.000000 0.000000 0.000000 0.000000 1.000000 " CenterPx="602 183" ViewportPx="1242 375" FocalMm="4" LensDistortion="0 0" PixelSizeMm="0.005657 0.005657"/>
 <Plane semantic="1" fileName="0000000050.png"/>
</MLRaster>
<MLRaster label="0000000051.png">
<VCGCamera TranslationVector="-48.140425 1.171872 -0.391792 1" RotationMatrix="-0.017034 -0.999762 0.013643 0.000000 0.002493 0.013602 0.999904 0.000000 -0.999852 0.017067 0.002261 0.000000 0.000000 0.000000 0.000000 1.000000 " CenterPx="602 183" ViewportPx="1242 375" FocalMm="4" LensDistortion="0 0" PixelSizeMm="0.005657 0.005657"/>
 <Plane semantic="1" fileName="0000000051.png"/>
</MLRaster>
<MLRaster label="0000000052.png">
<VCGCamera TranslationVector="-49.015170 1.176089 -0.383493 1" RotationMatrix="-0.012123 -0.999814 0.015010 0.000000 0.000960 0.014999 0.999887 0.000000 -0.999926 0.012136 0.000778 0.000000 0.000000 0.000000 0.000000 1.000000 " CenterPx="602 183" ViewportPx="1242 375" FocalMm="4" LensDistortion="0 0" PixelSizeMm="0.005657 0.005657"/>
 <Plane semantic="1" fileName="0000000052.png"/>
</MLRaster>
<MLRaster label="0000000053.png">
<VCGCamera TranslationVector="-49.971475 1.182854 -0.366731 1" RotationMatrix="0.002118 -0.999874 0.015734 0.000000 0.000530 0.015736 0.999876 0.000000 -0.999998 -0.002110 0.000563 0.000000 0.000000 0.000000 0.000000 1.000000 " CenterPx="602 183" ViewportPx="1242 375" FocalMm="4" LensDistortion="0 0" PixelSizeMm="0.005657 0.005657"/>
 <Plane semantic="1" fileName="0000000053.png"/>
</MLRaster>
<MLRaster label="0000000054.png">
<VCGCamera TranslationVector="-50.840597 1.193536 -0.359813 1" RotationMatrix="0.007742 -0.999836 0.016361 0.000000 0.000879 0.016369 0.999866 0.000000 -0.999970 -0.007726 0.001005 0.000000 0.000000 0.000000 0.000000 1.000000 " CenterPx="602 183" ViewportPx="1242 375" FocalMm="4" LensDistortion="0 0" PixelSizeMm="0.005657 0.005657"/>
 <Plane semantic="1" fileName="0000000054.png"/>
</MLRaster>
<MLRaster label="0000000055.png">
<VCGCamera TranslationVector="-51.719637 1.191753 -0.368597 1" RotationMatrix="0.002657 -0.999845 0.017392 0.000000 -0.001912 0.017387 0.999847 0.000000 -0.999995 -0.002690 -0.001865 0.000000 0.000000 0.000000 0.000000 1.000000 " CenterPx="602 183" ViewportPx="1242 375" FocalMm="4" LensDistortion="0 0" PixelSizeMm="0.005657 0.005657"/>
 <Plane semantic="1" fileName="0000000055.png"/>
</MLRaster>
<MLRaster label="0000000056.png">
<VCGCamera TranslationVector="-52.681835 1.188068 -0.381347 1" RotationMatrix="-0.007717 -0.999811 0.017816 0.000000 -0.005059 0.017855 0.999828 0.000000 -0.999958 0.007626 -0.005196 0.000000 0.000000 0.000000 0.000000 1.000000 " CenterPx="602 183" ViewportPx="1242 375" FocalMm="4" LensDistortion="0 0" PixelSizeMm="0.005657 0.005657"/>
 <Plane semantic="1" fileName="0000000056.png"/>
</MLRaster>
<MLRaster label="0000000057.png">
<VCGCamera TranslationVector="-53.550007 1.183278 -0.383207 1" RotationMatrix="-0.010878 -0.999799 0.016812 0.000000 -0.006381 0.016882 0.999837 0.000000 -0.999921 0.010769 -0.006563 0.000000 0.000000 0.000000 0.000000 1.000000 " CenterPx="602 183" ViewportPx="1242 375" FocalMm="4" LensDistortion="0 0" PixelSizeMm="0.005657 0.005657"/>
 <Plane semantic="1" fileName="0000000057.png"/>
</MLRaster>
<MLRaster label="0000000058.png">
<VCGCamera TranslationVector="-54.494310 1.186558 -0.376554 1" RotationMatrix="-0.008177 -0.999845 0.015620 0.000000 -0.007611 0.015683 0.999848 0.000000 -0.999938 0.008057 -0.007738 0.000000 0.000000 0.000000 0.000000 1.000000 " CenterPx="602 183" ViewportPx="1242 375" FocalMm="4" LensDistortion="0 0" PixelSizeMm="0.005657 0.005657"/>
 <Plane semantic="1" fileName="0000000058.png"/>
</MLRaster>
<MLRaster label="0000000059.png">
<VCGCamera TranslationVector="-55.359569 1.186956 -0.368899 1" RotationMatrix="-0.007692 -0.999869 0.014221 0.000000 -0.008288 0.014285 0.999864 0.000000 -0.999936 0.007573 -0.008397 0.000000 0.000000 0.000000 0.000000 1.000000 " CenterPx="602 183" ViewportPx="1242 375" FocalMm="4" LensDistortion="0 0" PixelSizeMm="0.005657 0.005657"/>
 <Plane semantic="1" fileName="0000000059.png"/>
</MLRaster>
<MLRaster label="0000000060.png">
<VCGCamera TranslationVector="-56.218239 1.192683 -0.364980 1" RotationMatrix="-0.010596 -0.999870 0.012119 0.000000 -0.006339 0.012186 0.999906 0.000000 -0.999924 0.010518 -0.006468 0.000000 0.000000 0.000000 0.000000 1.000000 " CenterPx="602 183" ViewportPx="1242 375" FocalMm="4" LensDistortion="0 0" PixelSizeMm="0.005657 0.005657"/>
 <Plane semantic="1" fileName="0000000060.png"/>
</MLRaster>
<MLRaster label="0000000061.png">
<VCGCamera TranslationVector="-57.166363 1.195683 -0.361433 1" RotationMatrix="-0.012777 -0.999884 0.008323 0.000000 -0.006460 0.008406 0.999944 0.000000 -0.999898 0.012722 -0.006567 0.000000 0.000000 0.000000 0.000000 1.000000 " CenterPx="602 183" ViewportPx="1242 375" FocalMm="4" LensDistortion="0 0" PixelSizeMm="0.005657 0.005657"/>
 <Plane semantic="1" fileName="0000000061.png"/>
</MLRaster>
<MLRaster label="0000000062.png">
<VCGCamera TranslationVector="-58.024625 1.195069 -0.354892 1" RotationMatrix="-0.011075 -0.999931 0.003982 0.000000 -0.008325 0.004074 0.999957 0.000000 -0.999904 0.011041 -0.008369 0.000000 0.000000 0.000000 0.000000 1.000000 " CenterPx="602 183" ViewportPx="1242 375" FocalMm="4" LensDistortion="0 0" PixelSizeMm="0.005657 0.005657"/>
 <Plane semantic="1" fileName="0000000062.png"/>
</MLRaster>
<MLRaster label="0000000063.png">
<VCGCamera TranslationVector="-58.875534 1.195829 -0.341496 1" RotationMatrix="-0.007110 -0.999974 -0.000684 0.000000 -0.004808 -0.000649 0.999988 0.000000 -0.999963 0.007113 -0.004803 0.000000 0.000000 0.000000 0.000000 1.000000 " CenterPx="602 183" ViewportPx="1242 375" FocalMm="4" LensDistortion="0 0" PixelSizeMm="0.005657 0.005657"/>
 <Plane semantic="1" fileName="0000000063.png"/>
</MLRaster>
<MLRaster label="0000000064.png">
<VCGCamera TranslationVector="-59.810610 1.189907 -0.332813 1" RotationMatrix="-0.005772 -0.999958 -0.007139 0.000000 -0.004589 -0.007112 0.999964 0.000000 -0.999973 0.005804 -0.004548 0.000000 0.000000 0.000000 0.000000 1.000000 " CenterPx="602 183" ViewportPx="1242 375" FocalMm="4" LensDistortion="0 0" PixelSizeMm="0.005657 0.005657"/>
 <Plane semantic="1" fileName="0000000064.png"/>
</MLRaster>
<MLRaster label="0000000065.png">
<VCGCamera TranslationVector="-60.661028 1.182890 -0.328242 1" RotationMatrix="-0.005968 -0.999909 -0.012121 0.000000 -0.001706 -0.012111 0.999925 0.000000 -0.999981 0.005988 -0.001634 0.000000 0.000000 0.000000 0.000000 1.000000 " CenterPx="602 183" ViewportPx="1242 375" FocalMm="4" LensDistortion="0 0" PixelSizeMm="0.005657 0.005657"/>
 <Plane semantic="1" fileName="0000000065.png"/>
</MLRaster>
<MLRaster label="0000000066.png">
<VCGCamera TranslationVector="-61.596041 1.170444 -0.326229 1" RotationMatrix="-0.007983 -0.999801 -0.018303 0.000000 -0.000737 -0.018297 0.999832 0.000000 -0.999968 0.007995 -0.000591 0.000000 0.000000 0.000000 0.000000 1.000000 " CenterPx="602 183" ViewportPx="1242 375" FocalMm="4" LensDistortion="0 0" PixelSizeMm="0.005657 0.005657"/>
 <Plane semantic="1" fileName="0000000066.png"/>
</MLRaster>
<MLRaster label="0000000067.png">
<VCGCamera TranslationVector="-62.438752 1.153674 -0.320194 1" RotationMatrix="-0.008463 -0.999677 -0.023962 0.000000 -0.001332 -0.023952 0.999712 0.000000 -0.999963 0.008492 -0.001129 0.000000 0.000000 0.000000 0.000000 1.000000 " CenterPx="602 183" ViewportPx="1242 375" FocalMm="4" LensDistortion="0 0" PixelSizeMm="0.005657 0.005657"/>
 <Plane semantic="1" fileName="0000000067.png"/>
</MLRaster>
<MLRaster label="0000000068.png">
<VCGCamera TranslationVector="-63.285502 1.132541 -0.312803 1" RotationMatrix="-0.013660 -0.999488 -0.028929 0.000000 -0.000457 -0.028926 0.999581 0.000000 -0.999907 0.013667 -0.000062 0.000000 0.000000 0.000000 0.000000 1.000000 " CenterPx="602 183" ViewportPx="1242 375" FocalMm="4" LensDistortion="0 0" PixelSizeMm="0.005657 0.005657"/>
 <Plane semantic="1" fileName="0000000068.png"/>
</MLRaster>
<MLRaster label="0000000069.png">
<VCGCamera TranslationVector="-64.134455 1.108450 -0.308267 1" RotationMatrix="-0.020189 -0.999203 -0.034440 0.000000 -0.001089 -0.034425 0.999407 0.000000 -0.999796 0.020215 -0.000393 0.000000 0.000000 0.000000 0.000000 1.000000 " CenterPx="602 183" ViewportPx="1242 375" FocalMm="4" LensDistortion="0 0" PixelSizeMm="0.005657 0.005657"/>
 <Plane semantic="1" fileName="0000000069.png"/>
</MLRaster>
<MLRaster label="0000000070.png">
<VCGCamera TranslationVector="-65.067069 1.076064 -0.297529 1" RotationMatrix="-0.024993 -0.998871 -0.040409 0.000000 -0.001075 -0.040395 0.999183 0.000000 -0.999687 0.025016 -0.000065 0.000000 0.000000 0.000000 0.000000 1.000000 " CenterPx="602 183" ViewportPx="1242 375" FocalMm="4" LensDistortion="0 0" PixelSizeMm="0.005657 0.005657"/>
 <Plane semantic="1" fileName="0000000070.png"/>
</MLRaster>
<MLRaster label="0000000071.png">
<VCGCamera TranslationVector="-65.899347 1.032079 -0.280548 1" RotationMatrix="-0.019786 -0.998729 -0.046366 0.000000 -0.004834 -0.046279 0.998917 0.000000 -0.999793 0.019988 -0.003912 0.000000 0.000000 0.000000 0.000000 1.000000 " CenterPx="602 183" ViewportPx="1242 375" FocalMm="4" LensDistortion="0 0" PixelSizeMm="0.005657 0.005657"/>
 <Plane semantic="1" fileName="0000000071.png"/>
</MLRaster>
<MLRaster label="0000000072.png">
<VCGCamera TranslationVector="-66.724331 0.969999 -0.262043 1" RotationMatrix="-0.012481 -0.998542 -0.052519 0.000000 -0.005838 -0.052449 0.998607 0.000000 -0.999905 0.012770 -0.005175 0.000000 0.000000 0.000000 0.000000 1.000000 " CenterPx="602 183" ViewportPx="1242 375" FocalMm="4" LensDistortion="0 0" PixelSizeMm="0.005657 0.005657"/>
 <Plane semantic="1" fileName="0000000072.png"/>
</MLRaster>
<MLRaster label="0000000073.png">
<VCGCamera TranslationVector="-67.635005 0.896708 -0.246722 1" RotationMatrix="-0.006944 -0.998147 -0.060443 0.000000 -0.005911 -0.060402 0.998157 0.000000 -0.999959 0.007288 -0.005481 0.000000 0.000000 0.000000 0.000000 1.000000 " CenterPx="602 183" ViewportPx="1242 375" FocalMm="4" LensDistortion="0 0" PixelSizeMm="0.005657 0.005657"/>
 <Plane semantic="1" fileName="0000000073.png"/>
</MLRaster>
<MLRaster label="0000000074.png">
<VCGCamera TranslationVector="-68.456604 0.833716 -0.235250 1" RotationMatrix="-0.005733 -0.997637 -0.068470 0.000000 -0.003504 -0.068451 0.997648 0.000000 -0.999978 0.005960 -0.003104 0.000000 0.000000 0.000000 0.000000 1.000000 " CenterPx="602 183" ViewportPx="1242 375" FocalMm="4" LensDistortion="0 0" PixelSizeMm="0.005657 0.005657"/>
 <Plane semantic="1" fileName="0000000074.png"/>
</MLRaster>
<MLRaster label="0000000075.png">
<VCGCamera TranslationVector="-69.287461 0.760321 -0.234316 1" RotationMatrix="-0.010576 -0.996980 -0.076938 0.000000 -0.002953 -0.076911 0.997034 0.000000 -0.999940 0.010772 -0.002130 0.000000 0.000000 0.000000 0.000000 1.000000 " CenterPx="602 183" ViewportPx="1242 375" FocalMm="4" LensDistortion="0 0" PixelSizeMm="0.005657 0.005657"/>
 <Plane semantic="1" fileName="0000000075.png"/>
</MLRaster>
<MLRaster label="0000000076.png">
<VCGCamera TranslationVector="-70.197613 0.681648 -0.226487 1" RotationMatrix="-0.015379 -0.996023 -0.087763 0.000000 0.000496 -0.087781 0.996140 0.000000 -0.999882 0.015276 0.001844 0.000000 0.000000 0.000000 0.000000 1.000000 " CenterPx="602 183" ViewportPx="1242 375" FocalMm="4" LensDistortion="0 0" PixelSizeMm="0.005657 0.005657"/>
 <Plane semantic="1" fileName="0000000076.png"/>
</MLRaster>
<MLRaster label="0000000077.png">
<VCGCamera TranslationVector="-71.031628 0.600692 -0.214346 1" RotationMatrix="-0.017040 -0.994860 -0.099817 0.000000 0.003340 -0.099887 0.994993 0.000000 -0.999849 0.016621 0.005025 0.000000 0.000000 0.000000 0.000000 1.000000 " CenterPx="602 183" ViewportPx="1242 375" FocalMm="4" LensDistortion="0 0" PixelSizeMm="0.005657 0.005657"/>
 <Plane semantic="1" fileName="0000000077.png"/>
</MLRaster>
<MLRaster label="0000000078.png">
<VCGCamera TranslationVector="-71.857245 0.512087 -0.202695 1" RotationMatrix="-0.017669 -0.993475 -0.112673 0.000000 0.004496 -0.112768 0.993611 0.000000 -0.999834 0.017050 0.006459 0.000000 0.000000 0.000000 0.000000 1.000000 " CenterPx="602 183" ViewportPx="1242 375" FocalMm="4" LensDistortion="0 0" PixelSizeMm="0.005657 0.005657"/>
 <Plane semantic="1" fileName="0000000078.png"/>
</MLRaster>
<MLRaster label="0000000079.png">
<VCGCamera TranslationVector="-72.766831 0.400269 -0.188856 1" RotationMatrix="-0.017716 -0.991872 -0.126003 0.000000 0.004047 -0.126093 0.992010 0.000000 -0.999835 0.017064 0.006248 0.000000 0.000000 0.000000 0.000000 1.000000 " CenterPx="602 183" ViewportPx="1242 375" FocalMm="4" LensDistortion="0 0" PixelSizeMm="0.005657 0.005657"/>
 <Plane semantic="1" fileName="0000000079.png"/>
</MLRaster>
<MLRaster label="0000000080.png">
<VCGCamera TranslationVector="-73.585470 0.285488 -0.179237 1" RotationMatrix="-0.015829 -0.990379 -0.137475 0.000000 -0.000813 -0.137480 0.990504 0.000000 -0.999874 0.015790 0.001371 0.000000 0.000000 0.000000 0.000000 1.000000 " CenterPx="602 183" ViewportPx="1242 375" FocalMm="4" LensDistortion="0 0" PixelSizeMm="0.005657 0.005657"/>
 <Plane semantic="1" fileName="0000000080.png"/>
</MLRaster>
<MLRaster label="0000000081.png">
<VCGCamera TranslationVector="-74.399929 0.162382 -0.169098 1" RotationMatrix="-0.012638 -0.989146 -0.146393 0.000000 -0.003969 -0.146354 0.989224 0.000000 -0.999912 0.013082 -0.002076 0.000000 0.000000 0.000000 0.000000 1.000000 " CenterPx="602 183" ViewportPx="1242 375" FocalMm="4" LensDistortion="0 0" PixelSizeMm="0.005657 0.005657"/>
 <Plane semantic="1" fileName="0000000081.png"/>
</MLRaster>
<MLRaster label="0000000082.png">
<VCGCamera TranslationVector="-75.299268 0.020208 -0.156512 1" RotationMatrix="-0.009121 -0.988015 -0.154091 0.000000 -0.006882 -0.154032 0.988042 0.000000 -0.999935 0.010072 -0.005395 0.000000 0.000000 0.000000 0.000000 1.000000 " CenterPx="602 183" ViewportPx="1242 375" FocalMm="4" LensDistortion="0 0" PixelSizeMm="0.005657 0.005657"/>
 <Plane semantic="1" fileName="0000000082.png"/>
</MLRaster>
<MLRaster label="0000000083.png">
<VCGCamera TranslationVector="-76.114818 -0.110893 -0.145773 1" RotationMatrix="-0.008650 -0.987205 -0.159219 0.000000 -0.008510 -0.159146 0.987218 0.000000 -0.999926 0.009894 -0.007025 0.000000 0.000000 0.000000 0.000000 1.000000 " CenterPx="602 183" ViewportPx="1242 375" FocalMm="4" LensDistortion="0 0" PixelSizeMm="0.005657 0.005657"/>
 <Plane semantic="1" fileName="0000000083.png"/>
</MLRaster>
<MLRaster label="0000000084.png">
<VCGCamera TranslationVector="-76.939497 -0.242677 -0.136778 1" RotationMatrix="-0.010722 -0.986490 -0.163468 0.000000 -0.006896 -0.163400 0.986536 0.000000 -0.999919 0.011705 -0.005051 0.000000 0.000000 0.000000 0.000000 1.000000 " CenterPx="602 183" ViewportPx="1242 375" FocalMm="4" LensDistortion="0 0" PixelSizeMm="0.005657 0.005657"/>
 <Plane semantic="1" fileName="0000000084.png"/>
</MLRaster>
<MLRaster label="0000000085.png">
<VCGCamera TranslationVector="-77.837016 -0.387084 -0.127745 1" RotationMatrix="-0.011492 -0.985686 -0.168201 0.000000 -0.004788 -0.168156 0.985749 0.000000 -0.999923 0.012133 -0.002787 0.000000 0.000000 0.000000 0.000000 1.000000 " CenterPx="602 183" ViewportPx="1242 375" FocalMm="4" LensDistortion="0 0" PixelSizeMm="0.005657 0.005657"/>
 <Plane semantic="1" fileName="0000000085.png"/>
</MLRaster>
<MLRaster label="0000000086.png">
<VCGCamera TranslationVector="-78.661940 -0.520980 -0.113965 1" RotationMatrix="-0.011604 -0.985047 -0.171895 0.000000 -0.001060 -0.171895 0.985115 0.000000 -0.999932 0.011614 0.000950 0.000000 0.000000 0.000000 0.000000 1.000000 " CenterPx="602 183" ViewportPx="1242 375" FocalMm="4" LensDistortion="0 0" PixelSizeMm="0.005657 0.005657"/>
 <Plane semantic="1" fileName="0000000086.png"/>
</MLRaster>
<MLRaster label="0000000087.png">
<VCGCamera TranslationVector="-79.566977 -0.670841 -0.097038 1" RotationMatrix="-0.012086 -0.984512 -0.174900 0.000000 0.002282 -0.174939 0.984577 0.000000 -0.999924 0.011501 0.004361 0.000000 0.000000 0.000000 0.000000 1.000000 " CenterPx="602 183" ViewportPx="1242 375" FocalMm="4" LensDistortion="0 0" PixelSizeMm="0.005657 0.005657"/>
 <Plane semantic="1" fileName="0000000087.png"/>
</MLRaster>
<MLRaster label="0000000088.png">
<VCGCamera TranslationVector="-80.403548 -0.817995 -0.088760 1" RotationMatrix="-0.014415 -0.984149 -0.176754 0.000000 -0.000051 -0.176772 0.984252 0.000000 -0.999896 0.014197 0.002498 0.000000 0.000000 0.000000 0.000000 1.000000 " CenterPx="602 183" ViewportPx="1242 375" FocalMm="4" LensDistortion="0 0" PixelSizeMm="0.005657 0.005657"/>
 <Plane semantic="1" fileName="0000000088.png"/>
</MLRaster>
<MLRaster label="0000000089.png">
<VCGCamera TranslationVector="-81.236264 -0.963738 -0.077597 1" RotationMatrix="-0.016820 -0.983829 -0.178318 0.000000 0.000229 -0.178347 0.983968 0.000000 -0.999859 0.016509 0.003225 0.000000 0.000000 0.000000 0.000000 1.000000 " CenterPx="602 183" ViewportPx="1242 375" FocalMm="4" LensDistortion="0 0" PixelSizeMm="0.005657 0.005657"/>
 <Plane semantic="1" fileName="0000000089.png"/>
</MLRaster>
<MLRaster label="0000000090.png">
<VCGCamera TranslationVector="-82.158498 -1.120712 -0.058029 1" RotationMatrix="-0.018134 -0.983490 -0.180050 0.000000 0.005412 -0.180174 0.983620 0.000000 -0.999821 0.016863 0.008590 0.000000 0.000000 0.000000 0.000000 1.000000 " CenterPx="602 183" ViewportPx="1242 375" FocalMm="4" LensDistortion="0 0" PixelSizeMm="0.005657 0.005657"/>
 <Plane semantic="1" fileName="0000000090.png"/>
</MLRaster>
<MLRaster label="0000000091.png">
